Vernier Format 2
Mittaus3_150g.cmbl 14.2.2025 11:00:05 ,
Latest
Time	Pressure	Position	Velocity	Acceleration	Volume
t	Pres	x	v	acc	Volume
s	kPa	m	m/s	m/s²	m³

0,05	0,493902105954	-0,001372	-0,000190555555556	0,00334530864198	-1,13817938344E-006
0,1	0,493902105954	-0,001372	-9,52777777777E-005	0,00602367283951	-1,13817938344E-006
0,15	0,493902105954	-0,001372	-0,0001715	0,0108934259259	-1,13817938344E-006
0,2	0,493902105954	-0,0015435	0,00190555555556	0,00181027777778	-1,28045180637E-006
0,25	0,493902105954	-0,001029	0,00133388888889	-0,0280857716049	-8,53634537581E-007
0,3	0,493902105954	-0,0012005	-0,00266777777778	-0,0281175308642	-9,95906960511E-007
0,35	0,493902105954	-0,0015435	-0,00276305555556	-0,00561080246914	-1,28045180637E-006
0,4	0,493902105954	-0,0015435	-0,001715	-0,00455216049383	-1,28045180637E-006
0,45	0,493902105954	-0,0015435	-0,00304888888889	-0,00502854938271	-1,28045180637E-006
0,5	0,493902105954	-0,0018865	-0,00362055555556	0,0168853395062	-1,56499665223E-006
0,55	0,493902105954	-0,002058	-0,00142916666667	0,0389580246914	-1,70726907516E-006
0,6	0,493902105954	-0,002058	0,00142916666667	0,0385875	-1,70726907516E-006
0,65	0,493902105954	-0,0018865	0,00362055555556	0,0148209876543	-1,56499665223E-006
0,7	0,493902105954	-0,0015435	0,00295361111111	-0,0107981481481	-1,28045180637E-006
0,75	0,43663809367	-0,0015435	0,00123861111111	-0,0139740740741	-1,28045180637E-006
0,8	0,493902105954	-0,0015435	0,00133388888889	-0,0107981481481	-1,28045180637E-006
0,85	0,493902105954	-0,001372	0,0008575	-0,0160384259259	-1,13817938344E-006
0,9	0,493902105954	-0,001372	-0,0008575	-0,0100570987654	-1,13817938344E-006
0,95	0,493902105954	-0,0015435	-0,000952777777778	0,00899845679012	-1,28045180637E-006
1	0,493902105954	-0,0015435	0,000381111111111	0,0203788580247	-1,28045180637E-006
1,05	0,493902105954	-0,0015435	0,00228666666667	0,00921018518518	-1,28045180637E-006
1,1	0,493902105954	-0,0012005	0,00209611111111	-0,016250154321	-9,95906960511E-007
1,15	0,493902105954	-0,0012005	-0,000476388888889	-0,0222314814815	-9,95906960511E-007
1,2	0,493902105954	-0,001372	-0,00114333333333	-0,00915725308642	-1,13817938344E-006
1,25	0,493902105954	-0,001372	-0,000762222222222	-0,00386404320988	-1,13817938344E-006
1,3	0,493902105954	-0,001372	-0,00133388888889	-0,00195848765432	-1,13817938344E-006
1,35	0,493902105954	-0,0015435	-0,00133388888889	0,00545200617284	-1,28045180637E-006
1,4	0,493902105954	-0,0015435	-0,000571666666667	0,00963364197531	-1,28045180637E-006
1,45	0,493902105954	-0,0015435	-0,000571666666667	0,0155091049383	-1,28045180637E-006
1,5	0,493902105954	-0,001715	0,00123861111111	0,014450462963	-1,4227242293E-006
1,55	0,493902105954	-0,001372	0,00200083333333	-0,00598132716049	-1,13817938344E-006
1,6	0,493902105954	-0,001372	0,000285833333333	-0,019637808642	-1,13817938344E-006
1,65	0,43663809367	-0,001372	-0,00104805555556	-0,0140270061728	-1,13817938344E-006
1,7	0,493902105954	-0,0015435	-0,00133388888889	-0,00232901234568	-1,28045180637E-006
1,75	0,493902105954	-0,0015435	-0,000762222222222	0,0029112654321	-1,28045180637E-006
1,8	0,493902105954	-0,0015435	-0,00114333333333	0,00899845679012	-1,28045180637E-006
1,85	0,493902105954	-0,001715	-0,000476388888889	0,0222314814815	-1,4227242293E-006
1,9	0,493902105954	-0,001715	0,00209611111111	0,0161972222222	-1,4227242293E-006
1,95	0,493902105954	-0,001372	0,00228666666667	-0,00963364197531	-1,13817938344E-006
2	0,493902105954	-0,001372	0,000381111111111	-0,0225490740741	-1,13817938344E-006
2,05	0,493902105954	-0,001372	-0,00104805555556	-0,015562037037	-1,13817938344E-006
2,1	0,493902105954	-0,0015435	-0,00133388888889	-0,00328179012346	-1,28045180637E-006
2,15	0,493902105954	-0,0015435	-0,000762222222222	-1,29276050705E-015	-1,28045180637E-006
2,2	0,493902105954	-0,0015435	-0,00133388888889	0,00328179012346	-1,28045180637E-006
2,25	0,493902105954	-0,001715	-0,00104805555556	0,015562037037	-1,4227242293E-006
2,3	0,493902105954	-0,001715	0,000381111111111	0,0225490740741	-1,4227242293E-006
2,35	0,493902105954	-0,001715	0,00228666666667	0,00963364197531	-1,4227242293E-006
2,4	0,493902105954	-0,001372	0,00209611111111	-0,0161972222222	-1,13817938344E-006
2,45	0,493902105954	-0,001372	-0,000476388888889	-0,0222314814815	-1,13817938344E-006
2,5	0,493902105954	-0,0015435	-0,00114333333333	-0,00899845679012	-1,28045180637E-006
2,55	0,493902105954	-0,0015435	-0,000762222222222	-0,00285833333333	-1,28045180637E-006
2,6	0,493902105954	-0,0015435	-0,00133388888889	0,00264660493827	-1,28045180637E-006
2,65	0,43663809367	-0,001715	-0,00104805555556	0,0154561728395	-1,4227242293E-006
2,7	0,493902105954	-0,001715	0,000381111111111	0,0225490740741	-1,4227242293E-006
2,75	0,493902105954	-0,001715	0,00228666666667	0,00963364197531	-1,4227242293E-006
2,8	0,493902105954	-0,001372	0,00209611111111	-0,0161972222222	-1,13817938344E-006
2,85	0,493902105954	-0,001372	-0,000476388888889	-0,0222314814815	-1,13817938344E-006
2,9	0,493902105954	-0,0015435	-0,00114333333333	-0,00910432098766	-1,28045180637E-006
2,95	0,493902105954	-0,0015435	-0,000762222222222	-0,00349351851852	-1,28045180637E-006
3	0,493902105954	-0,0015435	-0,00133388888889	-0,000211728395062	-1,28045180637E-006
3,05	0,493902105954	-0,001715	-0,00123861111111	0,00973950617284	-1,4227242293E-006
3,1	0,493902105954	-0,001715	-0,000190555555556	0,0158796296296	-1,4227242293E-006
3,15	0,493902105954	-0,001715	0,000571666666667	0,0159854938272	-1,4227242293E-006
3,2	0,493902105954	-0,001715	0,00209611111111	0,0030700617284	-1,4227242293E-006
3,25	0,493902105954	-0,001372	0,00123861111111	-0,0158796296296	-1,13817938344E-006
3,3	0,493902105954	-0,0015435	-0,000571666666667	-0,0157737654321	-1,28045180637E-006
3,35	0,493902105954	-0,0015435	-0,000571666666667	-0,00921018518519	-1,28045180637E-006
3,4	0,493902105954	-0,0015435	-0,00133388888889	-0,0030700617284	-1,28045180637E-006
3,45	0,493902105954	-0,001715	-0,00123861111111	0,00910432098765	-1,4227242293E-006
3,5	0,43663809367	-0,001715	-0,000190555555556	0,0157737654321	-1,4227242293E-006
3,55	0,493902105954	-0,001715	0,000571666666667	0,0160384259259	-1,4227242293E-006
3,6	0,493902105954	-0,001715	0,00209611111111	0,00338765432099	-1,4227242293E-006
3,65	0,43663809367	-0,001372	0,00123861111111	-0,014450462963	-1,13817938344E-006
3,7	0,493902105954	-0,0015435	-0,000476388888889	-0,0129154320988	-1,28045180637E-006
3,75	0,493902105954	-0,0015435	-0,000285833333333	-0,00603425925926	-1,28045180637E-006
3,8	0,493902105954	-0,0015435	-0,000476388888889	-0,0071987654321	-1,28045180637E-006
3,85	0,493902105954	-0,0015435	-0,00123861111111	-0,00481682098765	-1,28045180637E-006
3,9	0,493902105954	-0,001715	-0,00133388888889	0,00402283950617	-1,4227242293E-006
3,95	0,493902105954	-0,001715	-0,000571666666667	0,00936898148148	-1,4227242293E-006
4	0,493902105954	-0,001715	-0,000571666666667	0,0157737654321	-1,4227242293E-006
4,05	0,493902105954	-0,0018865	0,00123861111111	0,0158796296296	-1,56499665223E-006
4,1	0,493902105954	-0,0015435	0,00209611111111	-0,0030700617284	-1,28045180637E-006
4,15	0,493902105954	-0,0015435	0,000571666666667	-0,0159854938272	-1,28045180637E-006
4,2	0,493902105954	-0,0015435	-0,000190555555556	-0,0157208333333	-1,28045180637E-006
4,25	0,493902105954	-0,0015435	-0,00123861111111	-0,00878672839506	-1,28045180637E-006
4,3	0,493902105954	-0,001715	-0,00133388888889	0,00449922839506	-1,4227242293E-006
4,35	0,493902105954	-0,001715	-0,000476388888889	0,0120685185185	-1,4227242293E-006
4,4	0,493902105954	-0,001715	-0,000285833333333	0,0191614197531	-1,4227242293E-006
4,45	0,493902105954	-0,0018865	0,00209611111111	0,0130742283951	-1,56499665223E-006
4,5	0,493902105954	-0,001372	0,00209611111111	-0,0109569444444	-1,13817938344E-006
4,55	0,43663809367	-0,0015435	-0,000190555555555	-0,0148209876543	-1,28045180637E-006
4,6	0,493902105954	-0,0015435	-9,52777777778E-005	-0,00587546296296	-1,28045180637E-006
4,65	0,493902105954	-0,0015435	-0,000190555555556	-0,0042875	-1,28045180637E-006
4,7	0,493902105954	-0,0015435	-0,000381111111111	-0,00365231481482	-1,28045180637E-006
4,75	0,493902105954	-0,0015435	-0,00104805555556	0,00465802469136	-1,28045180637E-006
4,8	0,493902105954	-0,001715	-0,000476388888889	0,0204847222222	-1,4227242293E-006
4,85	0,493902105954	-0,001715	0,00209611111111	0,0158266975309	-1,4227242293E-006
4,9	0,493902105954	-0,001372	0,00228666666667	-0,00968657407407	-1,13817938344E-006
4,95	0,493902105954	-0,001372	0,000381111111111	-0,0225490740741	-1,13817938344E-006
5	0,493902105954	-0,001372	-0,00104805555556	-0,015562037037	-1,13817938344E-006
5,05	0,493902105954	-0,0015435	-0,00133388888889	-0,00328179012346	-1,28045180637E-006
5,1	0,493902105954	-0,0015435	-0,000762222222222	-1,29336284159E-015	-1,28045180637E-006
5,15	0,493902105954	-0,0015435	-0,00133388888889	0,00333472222222	-1,28045180637E-006
5,2	0,43663809367	-0,001715	-0,00104805555556	0,0158266975309	-1,4227242293E-006
5,25	0,493902105954	-0,001715	0,000381111111111	0,0235547839506	-1,4227242293E-006
5,3	0,493902105954	-0,001715	0,00238194444444	0,0102688271605	-1,4227242293E-006
5,35	0,493902105954	-0,001372	0,00228666666667	-0,0197966049383	-1,13817938344E-006
5,4	0,493902105954	-0,001372	-9,52777777778E-005	-0,0407577160494	-1,13817938344E-006
5,45	0,493902105954	-0,001372	-0,00285833333333	-0,0407577160494	-1,13817938344E-006
5,5	0,66211514204	-0,001715	-0,00466861111111	-0,0283186728395	-1,4227242293E-006
5,55	0,719379154325	-0,0018865	-0,00552611111111	-0,0138152777778	-1,56499665223E-006
5,6	0,833907178894	-0,0022295	-0,00638361111111	0,00852206790124	-1,84954149809E-006
5,65	1,00569921575	-0,0025725	-0,00581194444444	0,0454686728395	-2,13408634395E-006
5,7	1,12022724032	-0,003087	-0,000666944444444	0,0560550925926	-2,56090361274E-006
5,75	1,00569921575	-0,0025725	0,00304888888889	0,00825740740741	-2,13408634395E-006
5,8	1,00569921575	-0,002401	4,62592926927E-017	-0,0377405864198	-1,99181392102E-006
5,85	1,00569921575	-0,0025725	-0,00352527777778	-0,033611882716	-2,13408634395E-006
5,9	1,17391225183	-0,0029155	-0,00438277777778	-0,00608719135802	-2,41863118981E-006
5,95	1,23117626412	-0,003087	-0,00343	0,012174382716	-2,56090361274E-006
6	1,23117626412	-0,0032585	-0,00228666666667	0,0142916666667	-2,70317603567E-006
6,05	1,23117626412	-0,0032585	-0,00190555555556	0,0125978395062	-2,70317603567E-006
6,1	1,23117626412	-0,00343	-0,00181027777778	0,0205905864198	-2,8454484586E-006
6,15	1,23117626412	-0,0036015	0,000762222222222	0,0156149691358	-2,98772088153E-006
6,2	1,23117626412	-0,0032585	0,00142916666667	-0,0182615740741	-2,70317603567E-006
6,25	1,2884402764	-0,0032585	-0,00152444444444	-0,0434572530864	-2,70317603567E-006
6,3	1,2884402764	-0,00343	-0,00447805555556	-0,0383228395062	-2,8454484586E-006
6,35	1,40296830097	-0,003773	-0,00619305555556	-0,0123331790123	-3,12999330446E-006
6,4	1,40296830097	-0,004116	-0,0060025	0,020537654321	-3,41453815032E-006
6,45	1,51749632554	-0,004459	-0,00390638888889	0,0441453703704	-3,69908299619E-006
6,5	1,57476033783	-0,0046305	9,52777777779E-005	0,0340353395062	-3,84135541912E-006
6,55	1,57476033783	-0,0042875	0,00114333333333	-0,00571666666667	-3,55681057325E-006
6,6	1,63202435011	-0,0042875	-0,00190555555556	-0,0211199074074	-3,55681057325E-006
6,65	1,6892883624	-0,0046305	-0,00266777777778	-0,00465802469136	-3,84135541912E-006
6,7	1,74297337391	-0,0046305	-0,00200083333333	0,00979243827161	-3,84135541912E-006
6,75	1,74297337391	-0,004802	-0,00133388888889	0,017838117284	-3,98362784205E-006
6,8	1,74297337391	-0,004802	0	0,0183674382716	-3,98362784205E-006
6,85	1,74297337391	-0,004802	0,00104805555556	0,00878672839506	-3,98362784205E-006
6,9	1,74297337391	-0,0046305	0,00104805555556	-0,00344058641975	-3,84135541912E-006
6,95	1,74297337391	-0,0046305	-0,000190555555556	-0,0015350308642	-3,84135541912E-006
7	1,74297337391	-0,004802	0,000952777777778	-0,000317592592592	-3,98362784205E-006
7,05	1,8002373862	-0,004459	0,000762222222222	-0,0147680555556	-3,69908299619E-006
7,1	1,74297337391	-0,0046305	-0,00104805555556	-0,0199554012346	-3,84135541912E-006
7,15	1,85750139848	-0,0046305	-0,00181027777778	-0,0145033950617	-3,84135541912E-006
7,2	1,85750139848	-0,004802	-0,00266777777778	-0,00471095679012	-3,98362784205E-006
7,25	1,8002373862	-0,0049735	-0,00209611111111	0,00269953703704	-4,12590026498E-006
7,3	1,85750139848	-0,0049735	-0,00200083333333	0,00285833333333	-4,12590026498E-006
7,35	1,91476541077	-0,005145	-0,00228666666667	0,00899845679012	-4,26817268791E-006
7,4	1,91476541077	-0,0053165	-0,000762222222222	0,00751635802469	-4,41044511084E-006
7,45	1,97202942305	-0,005145	-0,000666944444444	-0,00915725308642	-4,26817268791E-006
7,5	2,08655744762	-0,0053165	-0,00190555555556	-0,020537654321	-4,41044511084E-006
7,55	2,08655744762	-0,0053165	-0,00343	-0,0173087962963	-4,41044511084E-006
7,6	2,20108547219	-0,0056595	-0,00476388888889	0,00635185185185	-4,6949899567E-006
7,65	2,31561349676	-0,0060025	-0,00238194444444	0,0228666666667	-4,97953480256E-006
7,7	2,25834948447	-0,005831	-0,00104805555556	0,0149268518519	-4,83726237963E-006
7,75	2,20108547219	-0,0060025	-0,00123861111111	0,011062808642	-4,97953480256E-006
7,8	2,20108547219	-0,0060025	-0,000762222222222	0,0184733024691	-4,97953480256E-006
7,85	2,25834948447	-0,006174	0,00114333333333	0,0163030864198	-5,12180722549E-006
7,9	2,25834948447	-0,005831	0,00200083333333	-0,00513441358025	-4,83726237963E-006
7,95	2,20108547219	-0,005831	0,000285833333333	-0,0208023148148	-4,83726237963E-006
8	2,25834948447	-0,005831	-0,00114333333333	-0,0168324074074	-4,83726237963E-006
8,05	2,25834948447	-0,0060025	-0,00161972222222	-0,0056637345679	-4,97953480256E-006
8,1	2,20108547219	-0,0060025	-0,00161972222222	0,00603425925926	-4,97953480256E-006
8,15	2,25834948447	-0,006174	-0,00114333333333	0,0183145061728	-5,12180722549E-006
8,2	2,20108547219	-0,006174	0,000381111111111	0,0239782407407	-5,12180722549E-006
8,25	2,25834948447	-0,006174	0,00228666666667	0,0099512345679	-5,12180722549E-006
8,3	2,20108547219	-0,005831	0,00209611111111	-0,0161442901235	-4,83726237963E-006
8,35	2,20108547219	-0,005831	-0,000476388888889	-0,0222844135802	-4,83726237963E-006
8,4	2,20108547219	-0,0060025	-0,00114333333333	-0,00947484567901	-4,97953480256E-006
8,45	2,20108547219	-0,0060025	-0,000762222222222	-0,00529320987654	-4,97953480256E-006
8,5	2,20108547219	-0,0060025	-0,00142916666667	-0,00481682098765	-4,97953480256E-006
8,55	2,20108547219	-0,006174	-0,00161972222222	0,00211728395062	-5,12180722549E-006
8,6	2,20108547219	-0,006174	-0,00142916666667	0,0128095679012	-5,12180722549E-006
8,65	2,20108547219	-0,0063455	-0,000571666666667	0,0251427469136	-5,26407964842E-006
8,7	2,20108547219	-0,0063455	0,00209611111111	0,0176263888889	-5,26407964842E-006
8,75	2,20108547219	-0,0060025	0,00228666666667	-0,00931604938272	-4,97953480256E-006
8,8	2,20108547219	-0,0060025	0,000381111111111	-0,0224961419753	-4,97953480256E-006
8,85	2,20108547219	-0,0060025	-0,00104805555556	-0,0154561728395	-4,97953480256E-006
8,9	2,20108547219	-0,006174	-0,00133388888889	-0,00264660493827	-5,12180722549E-006
8,95	2,20108547219	-0,006174	-0,000762222222222	0,00280540123457	-5,12180722549E-006
9	2,20108547219	-0,006174	-0,00114333333333	0,00868086419753	-5,12180722549E-006
9,05	2,20108547219	-0,0063455	-0,000476388888889	0,0208023148148	-5,26407964842E-006
9,1	2,20108547219	-0,0063455	0,00200083333333	0,0132859567901	-5,26407964842E-006
9,15	2,20108547219	-0,0060025	0,00200083333333	-0,0132859567901	-4,97953480256E-006
9,2	2,20108547219	-0,0060025	-0,000476388888889	-0,0208023148148	-4,97953480256E-006
9,25	2,1438214599	-0,006174	-0,00114333333333	-0,00883966049383	-5,12180722549E-006
9,3	2,20108547219	-0,006174	-0,000762222222222	-0,00381111111111	-5,12180722549E-006
9,35	2,20108547219	-0,006174	-0,00133388888889	-0,00195848765432	-5,12180722549E-006
9,4	2,20108547219	-0,0063455	-0,00133388888889	0,00545200617284	-5,26407964842E-006
9,45	2,20108547219	-0,0063455	-0,000571666666667	0,00963364197531	-5,26407964842E-006
9,5	2,20108547219	-0,0063455	-0,000571666666667	0,0155091049383	-5,26407964842E-006
9,55	2,1438214599	-0,006517	0,00123861111111	0,014450462963	-5,40635207135E-006
9,6	2,20108547219	-0,006174	0,00200083333333	-0,00598132716049	-5,12180722549E-006
9,65	2,20108547219	-0,006174	0,000285833333333	-0,0195848765432	-5,12180722549E-006
9,7	2,20108547219	-0,006174	-0,00104805555556	-0,0136035493827	-5,12180722549E-006
9,75	2,20108547219	-0,0063455	-0,00133388888889	-0,000105864197531	-5,26407964842E-006
9,8	2,20108547219	-0,0063455	-0,000666944444444	0,0097924382716	-5,26407964842E-006
9,85	2,20108547219	-0,0063455	-0,000666944444444	0,023925308642	-5,26407964842E-006
9,9	2,31561349676	-0,006517	0,00123861111111	0,0422927469136	-5,40635207135E-006
9,95	2,31561349676	-0,0063455	0,00504972222222	0,0328708333333	-5,26407964842E-006
10	2,25834948447	-0,005831	0,00571666666667	0,00195848765432	-4,83726237963E-006
10,05	2,25834948447	-0,0056595	0,00419222222222	-0,0119097222222	-4,6949899567E-006
10,1	2,31561349676	-0,005488	0,00362055555556	-0,00804567901235	-4,55271753377E-006
10,15	2,31561349676	-0,0053165	0,00343	-0,000899845679013	-4,41044511084E-006
10,2	2,31561349676	-0,005145	0,00352527777778	0,00788688271605	-4,26817268791E-006
10,25	2,25834948447	-0,0049735	0,00400166666667	0,0190555555556	-4,12590026498E-006
10,3	2,31561349676	-0,004802	0,00552611111111	0,0258308641975	-3,98362784205E-006
10,35	2,31561349676	-0,004459	0,00752694444444	0,0146092592593	-3,69908299619E-006
10,4	2,31561349676	-0,0039445	0,00762222222222	-0,00809861111111	-3,27226572739E-006
10,45	2,31561349676	-0,0036015	0,00590722222222	-0,0170970679012	-2,98772088153E-006
10,5	2,31561349676	-0,00343	0,00524027777778	-0,0124919753086	-2,8454484586E-006
10,55	2,31561349676	-0,003087	0,00485916666667	-0,00862793209877	-2,56090361274E-006
10,6	2,31561349676	-0,0029155	0,00419222222222	-0,0015350308642	-2,41863118981E-006
10,65	2,31561349676	-0,002744	0,00476388888889	0,00471095679012	-2,27635876688E-006
10,7	2,31561349676	-0,002401	0,00495444444444	0,0055049382716	-1,99181392102E-006
10,75	2,31561349676	-0,0022295	0,00485916666667	0,0109569444444	-1,84954149809E-006
10,8	2,31561349676	-0,002058	0,00686	0,00185262345679	-1,70726907516E-006
10,85	2,31561349676	-0,001372	0,00590722222222	-0,0203259259259	-1,13817938344E-006
10,9	2,31561349676	-0,001372	0,00333472222222	-0,0159325617284	-1,13817938344E-006
10,95	2,31561349676	-0,0012005	0,00352527777778	0,00338765432099	-9,95906960511E-007
11	2,25834948447	-0,001029	0,00409694444444	0,0159854938272	-8,53634537581E-007
11,05	2,31561349676	-0,0008575	0,00590722222222	0,0139211419753	-7,11362114651E-007
11,1	2,31561349676	-0,000343	0,00609777777778	-0,000105864197533	-2,8454484586E-007
11,15	2,31561349676	-0,0001715	0,00495444444444	5,29320987641E-005	-1,4227242293E-007
11,2	2,25834948447	0	0,00609777777778	0,000317592592594	0
11,25	2,31561349676	0,0005145	0,00590722222222	-0,0132859567901	4,26817268791E-007
11,3	2,31561349676	0,000686	0,00419222222222	-0,0170970679012	5,69089691721E-007
11,35	2,31561349676	0,0008575	0,00362055555556	-0,0112216049383	7,11362114651E-007
11,4	2,31561349676	0,001029	0,00333472222222	-0,00815154320988	8,53634537581E-007
11,45	2,31561349676	0,0012005	0,00304888888889	-0,00799274691358	9,95906960511E-007
11,5	2,31561349676	0,001372	0,00219138888889	-0,0013762345679	1,13817938344E-006
11,55	2,31561349676	0,001372	0,00238194444444	0,013762345679	1,13817938344E-006
11,6	2,31561349676	0,0015435	0,00381111111111	0,0221785493827	1,28045180637E-006
11,65	2,31561349676	0,001715	0,00571666666667	0,00958070987654	1,4227242293E-006
11,7	2,31561349676	0,0022295	0,00552611111111	-0,0161972222222	1,84954149809E-006
11,75	2,31561349676	0,002401	0,00295361111111	-0,0222844135802	1,99181392102E-006
11,8	2,31561349676	0,002401	0,00228666666667	-0,00936898148148	1,99181392102E-006
11,85	2,31561349676	0,0025725	0,00266777777778	-0,00465802469136	2,13408634395E-006
11,9	2,31561349676	0,002744	0,00200083333333	-0,00201141975308	2,27635876688E-006
11,95	2,31561349676	0,002744	0,00200083333333	0,00746342592593	2,27635876688E-006
12	2,31561349676	0,0029155	0,0025725	0,0176793209877	2,41863118981E-006
12,05	2,31561349676	0,0029155	0,00447805555556	0,0141328703704	2,41863118981E-006
12,1	2,31561349676	0,00343	0,005145	-0,00968657407407	2,8454484586E-006
12,15	2,31561349676	0,0036015	0,00276305555556	-0,0209081790123	2,98772088153E-006
12,2	2,31561349676	0,0036015	0,00200083333333	-0,0131271604938	2,98772088153E-006
12,25	2,31561349676	0,003773	0,001715	-0,00783395061728	3,12999330446E-006
12,3	2,31561349676	0,003773	0,00152444444444	-0,00603425925926	3,12999330446E-006
12,35	2,31561349676	0,0039445	0,00114333333333	-0,00333472222222	3,27226572739E-006
12,4	2,31561349676	0,0039445	0,000190555555556	0,0149268518519	3,27226572739E-006
12,45	2,31561349676	0,003773	0,00247722222222	0,031600462963	3,12999330446E-006
12,5	2,25834948447	0,004116	0,00571666666667	0,00635185185185	3,41453815032E-006
12,55	2,31561349676	0,0046305	0,00400166666667	-0,0337706790123	3,84135541912E-006
12,6	2,31561349676	0,0046305	9,52777777776E-005	-0,0345646604938	3,84135541912E-006
12,65	2,31561349676	0,004459	-0,0008575	-0,00756929012346	3,69908299619E-006
12,7	2,31561349676	0,004459	0	0,0110098765432	3,69908299619E-006
12,75	2,31561349676	0,004459	0,00114333333333	0,0136564814815	3,69908299619E-006
12,8	2,31561349676	0,0046305	0,00152444444444	0,0107981481481	3,84135541912E-006
12,85	2,31561349676	0,0046305	0,00152444444444	0,0163560185185	3,84135541912E-006
12,9	2,31561349676	0,0046305	0,00381111111111	0,00984537037037	3,84135541912E-006
12,95	2,31561349676	0,005145	0,00371583333333	-0,016250154321	4,26817268791E-006
13	2,31561349676	0,005145	0,00114333333333	-0,0243487654321	4,26817268791E-006
13,05	2,31561349676	0,005145	0,000285833333333	-0,0139211419753	4,26817268791E-006
13,1	2,25834948447	0,005145	0	-0,00465802469136	4,26817268791E-006
13,15	2,31561349676	0,005145	0	0,00248780864198	4,26817268791E-006
13,2	2,31561349676	0,005145	0,000190555555556	0,00915725308642	4,26817268791E-006
13,25	2,31561349676	0,005145	0,000762222222222	0,0159854938272	4,26817268791E-006
13,3	2,31561349676	0,005145	0,00247722222222	0,00963364197531	4,26817268791E-006
13,35	2,31561349676	0,005488	0,00247722222222	-0,00963364197531	4,55271753377E-006
13,4	2,31561349676	0,005488	0,000762222222222	-0,0159854938272	4,55271753377E-006
13,45	2,31561349676	0,005488	0,000190555555556	-0,00931604938272	4,55271753377E-006
13,5	2,31561349676	0,005488	0	-0,00344058641975	4,55271753377E-006
13,55	2,31561349676	0,005488	0	0,000370524691358	4,55271753377E-006
13,6	2,31561349676	0,005488	0	0,00529320987654	4,55271753377E-006
13,65	2,31561349676	0,005488	0,000285833333333	0,0139211419753	4,55271753377E-006
13,7	2,31561349676	0,005488	0,00114333333333	0,0236077160494	4,55271753377E-006
13,75	2,31561349676	0,005488	0,00371583333333	0,0126507716049	4,55271753377E-006
13,8	2,31561349676	0,0060025	0,00362055555556	-0,0191084876543	4,97953480256E-006
13,85	2,31561349676	0,0060025	0,000762222222222	-0,0319709876543	4,97953480256E-006
13,9	2,31561349676	0,0060025	-0,000952777777778	-0,0186850308642	4,97953480256E-006
13,95	2,31561349676	0,005831	-0,00123861111111	0,000158796296297	4,83726237963E-006
14	2,31561349676	0,005831	-0,000381111111111	0,0104805555556	4,83726237963E-006
14,05	2,31561349676	0,005831	9,52777777778E-005	0,0138152777778	4,83726237963E-006
14,1	2,31561349676	0,005831	0,000762222222222	0,0177851851852	4,83726237963E-006
14,15	2,31561349676	0,005831	0,00247722222222	0,0100041666667	4,83726237963E-006
14,2	2,31561349676	0,006174	0,00247722222222	-0,00958070987654	5,12180722549E-006
14,25	2,31561349676	0,006174	0,000762222222222	-0,0159854938272	5,12180722549E-006
14,3	2,31561349676	0,006174	0,000190555555556	-0,00936898148148	5,12180722549E-006
14,35	2,31561349676	0,006174	0	-0,00381111111111	5,12180722549E-006
14,4	2,31561349676	0,006174	0	-0,00142916666667	5,12180722549E-006
14,45	2,31561349676	0,006174	-9,52777777778E-005	0,00058225308642	5,12180722549E-006
14,5	2,31561349676	0,006174	-9,52777777778E-005	0,00561080246914	5,12180722549E-006
14,55	2,31561349676	0,006174	-9,52777777777E-005	0,0173617283951	5,12180722549E-006
14,6	2,31561349676	0,0060025	0,00238194444444	0,0146092592593	4,97953480256E-006
14,65	2,31561349676	0,006517	0,00295361111111	-0,014450462963	5,40635207135E-006
14,7	2,25834948447	0,006517	-0,000190555555555	-0,0241899691358	5,40635207135E-006
14,75	2,31561349676	0,0063455	-0,000952777777778	-0,00756929012346	5,26407964842E-006
14,8	2,25834948447	0,0063455	-0,000381111111111	0,00227608024691	5,26407964842E-006
14,85	2,31561349676	0,0063455	-0,000190555555556	0,0042875	5,26407964842E-006
14,9	2,25834948447	0,0063455	-9,52777777778E-005	0,00725169753086	5,26407964842E-006
14,95	2,31561349676	0,0063455	-9,52777777779E-005	0,0177322530864	5,26407964842E-006
15	2,31561349676	0,006174	0,00238194444444	0,014662191358	5,12180722549E-006
15,05	2,31561349676	0,0066885	0,00295361111111	-0,014450462963	5,54862449428E-006
15,1	2,31561349676	0,0066885	-0,000190555555555	-0,024137037037	5,54862449428E-006
15,15	2,31561349676	0,006517	-0,000952777777778	-0,00741049382716	5,40635207135E-006
15,2	2,25834948447	0,006517	-0,000381111111111	0,0027524691358	5,40635207135E-006
15,25	2,31561349676	0,006517	-9,52777777778E-005	0,00285833333333	5,40635207135E-006
15,3	2,25834948447	0,006517	-9,52777777778E-005	0,00201141975309	5,40635207135E-006
15,35	2,31561349676	0,006517	-9,52777777778E-005	0,00455216049383	5,40635207135E-006
15,4	2,25834948447	0,006517	-0,000190555555555	0,0145563271605	5,40635207135E-006
15,45	2,31561349676	0,0063455	0,00209611111111	0,011274537037	5,26407964842E-006
15,5	2,31561349676	0,00686	0,00209611111111	-0,0113274691358	5,69089691721E-006
15,55	2,31561349676	0,0066885	-0,000190555555556	-0,0148739197531	5,54862449428E-006
15,6	2,31561349676	0,0066885	-9,52777777778E-005	-0,0058225308642	5,54862449428E-006
15,65	2,31561349676	0,0066885	-0,000190555555556	-0,00396990740741	5,54862449428E-006
15,7	2,31561349676	0,0066885	-0,000381111111111	-0,00222314814815	5,54862449428E-006
15,75	2,31561349676	0,0066885	-0,000952777777778	0,00767515432099	5,54862449428E-006
15,8	2,31561349676	0,006517	-0,000190555555555	0,0248780864198	5,40635207135E-006
15,85	2,31561349676	0,006517	0,00295361111111	0,0176793209877	5,40635207135E-006
15,9	2,31561349676	0,0070315	0,0025725	-0,00709290123457	5,83316934014E-006
15,95	2,31561349676	0,00686	0,000571666666667	-0,00603425925926	5,69089691721E-006
16	2,31561349676	0,00686	0,00200083333333	-0,00386404320988	5,69089691721E-006
16,05	2,31561349676	0,007203	0,00114333333333	-0,0143975308642	5,97544176307E-006
16,1	2,31561349676	0,0070315	-0,000476388888889	-0,00688117283951	5,83316934014E-006
16,15	2,31561349676	0,0070315	-3,08636218434E-017	0,00820447530864	5,83316934014E-006
16,2	2,31561349676	0,0070315	0,000666944444444	0,0169912037037	5,83316934014E-006
16,25	2,31561349676	0,0070315	0,00247722222222	0,0099512345679	5,83316934014E-006
16,3	2,31561349676	0,0073745	0,00247722222222	-0,0129683641975	6,117714186E-006
16,35	2,31561349676	0,0073745	0,000571666666667	-0,0253015432099	6,117714186E-006
16,4	2,31561349676	0,0073745	-0,000571666666667	-0,0256720679012	6,117714186E-006
16,45	2,31561349676	0,0073745	-0,00247722222222	-0,0149268518519	6,117714186E-006
16,5	2,31561349676	0,0070315	-0,0025725	0,00497561728395	5,83316934014E-006
16,55	2,31561349676	0,0070315	-0,00114333333333	0,0114862654321	5,83316934014E-006
16,6	2,31561349676	0,0070315	-0,00123861111111	0,0138152777778	5,83316934014E-006
16,65	2,25834948447	0,00686	-0,000476388888889	0,0244016975309	5,69089691721E-006
16,7	2,31561349676	0,00686	0,00209611111111	0,0183145061728	5,69089691721E-006
16,75	2,31561349676	0,007203	0,00238194444444	-0,00529320987654	5,97544176307E-006
16,8	2,31561349676	0,007203	0,000762222222222	-0,0163560185185	5,97544176307E-006
16,85	2,31561349676	0,007203	9,52777777778E-005	-0,0152973765432	5,97544176307E-006
16,9	2,31561349676	0,007203	-0,000476388888889	-0,0154032407407	5,97544176307E-006
16,95	2,31561349676	0,007203	-0,00161972222222	-0,00958070987654	5,97544176307E-006
17	2,31561349676	0,0070315	-0,00228666666667	0,0109569444444	5,83316934014E-006
17,05	2,31561349676	0,00686	-0,000762222222222	0,0330825617284	5,69089691721E-006
17,1	2,31561349676	0,00686	0,00238194444444	0,0284774691358	5,69089691721E-006
17,15	2,31561349676	0,007203	0,00352527777778	-0,00301712962963	5,97544176307E-006
17,2	2,25834948447	0,0073745	0,00161972222222	-0,0266777777778	6,117714186E-006
17,25	2,31561349676	0,0073745	-0,000666944444444	-0,0220726851852	6,117714186E-006
17,3	2,31561349676	0,007203	-0,00114333333333	-0,00508148148148	5,97544176307E-006
17,35	2,31561349676	0,007203	-0,000476388888889	0,0015350308642	5,97544176307E-006
17,4	2,31561349676	0,007203	-0,000476388888889	-0,000211728395063	5,97544176307E-006
17,45	2,31561349676	0,007203	-0,00104805555556	0,00619305555556	5,97544176307E-006
17,5	2,31561349676	0,0070315	-0,000476388888889	0,0208023148148	5,83316934014E-006
17,55	2,31561349676	0,0070315	0,00209611111111	0,0158796296296	5,83316934014E-006
17,6	2,31561349676	0,0073745	0,00228666666667	-0,00963364197531	6,117714186E-006
17,65	2,31561349676	0,0073745	0,000381111111111	-0,0221785493827	6,117714186E-006
17,7	2,31561349676	0,0073745	-0,00104805555556	-0,0136564814815	6,117714186E-006
17,75	2,31561349676	0,007203	-0,00123861111111	0,00195848765432	5,97544176307E-006
17,8	2,31561349676	0,007203	-0,000381111111111	0,0104805555556	5,97544176307E-006
17,85	2,31561349676	0,007203	9,52777777778E-005	0,0120685185185	5,97544176307E-006
17,9	2,31561349676	0,007203	0,000666944444444	0,0131271604938	5,97544176307E-006
17,95	2,31561349676	0,007203	0,00209611111111	0,00201141975309	5,97544176307E-006
18	2,31561349676	0,007546	0,00123861111111	-0,014450462963	6,25998660893E-006
18,05	2,31561349676	0,0073745	-0,000476388888889	-0,0115391975309	6,117714186E-006
18,1	2,31561349676	0,0073745	-0,000190555555555	-0,00301712962963	6,117714186E-006
18,15	2,31561349676	0,0073745	-0,000190555555556	-0,00285833333333	6,117714186E-006
18,2	2,31561349676	0,0073745	-0,000381111111111	-0,00333472222222	6,117714186E-006
18,25	2,31561349676	0,0073745	-0,00104805555556	0,00476388888889	6,117714186E-006
18,3	2,31561349676	0,007203	-0,000476388888889	0,0208023148148	5,97544176307E-006
18,35	2,31561349676	0,007203	0,00209611111111	0,0172558641975	5,97544176307E-006
18,4	2,31561349676	0,007546	0,00238194444444	-0,00677530864197	6,25998660893E-006
18,45	2,31561349676	0,007546	0,000666944444444	-0,0188438271605	6,25998660893E-006
18,5	2,31561349676	0,007546	-0,000190555555555	-0,0169912037037	6,25998660893E-006
18,55	2,31561349676	0,007546	-0,00123861111111	-0,008575	6,25998660893E-006
18,6	2,31561349676	0,0073745	-0,00123861111111	0,00333472222222	6,117714186E-006
18,65	2,31561349676	0,0073745	-0,000476388888889	0,00825740740741	6,117714186E-006
18,7	2,31561349676	0,0073745	-0,000190555555556	0,00883966049383	6,117714186E-006
18,75	2,31561349676	0,0073745	-0,000190555555556	0,0163030864198	6,117714186E-006
18,8	2,31561349676	0,007203	0,00209611111111	0,0115921296296	5,97544176307E-006
18,85	2,31561349676	0,0077175	0,00209611111111	-0,0115921296296	6,40225903186E-006
18,9	2,31561349676	0,007546	-0,000190555555556	-0,0163030864198	6,25998660893E-006
18,95	2,31561349676	0,007546	-0,000190555555556	-0,00873379629629	6,25998660893E-006
19	2,25834948447	0,007546	-0,000476388888889	-0,00762222222222	6,25998660893E-006
19,05	2,31561349676	0,007546	-0,00123861111111	-0,000529320987653	6,25998660893E-006
19,1	2,31561349676	0,0073745	-0,00104805555556	0,0139740740741	6,117714186E-006
19,15	2,31561349676	0,0073745	0,000381111111111	0,0222314814815	6,117714186E-006
19,2	2,31561349676	0,0073745	0,00228666666667	0,00963364197531	6,117714186E-006
19,25	2,31561349676	0,0077175	0,00209611111111	-0,0158796296296	6,40225903186E-006
19,3	2,31561349676	0,0077175	-0,000476388888889	-0,0208023148148	6,40225903186E-006
19,35	2,31561349676	0,007546	-0,00104805555556	-0,00624598765432	6,25998660893E-006
19,4	2,25834948447	0,007546	-0,000476388888889	-0,000158796296293	6,25998660893E-006
19,45	2,31561349676	0,007546	-0,000476388888889	-0,00333472222222	6,25998660893E-006
19,5	2,31561349676	0,007546	-0,00123861111111	0,000423456790125	6,25998660893E-006
19,55	2,31561349676	0,0073745	-0,00104805555556	0,0141328703704	6,117714186E-006
19,6	2,31561349676	0,0073745	0,000381111111111	0,0222314814815	6,117714186E-006
19,65	2,31561349676	0,0073745	0,00228666666667	0,00963364197531	6,117714186E-006
19,7	2,31561349676	0,0077175	0,00209611111111	-0,0158266975309	6,40225903186E-006
19,75	2,31561349676	0,0077175	-0,000476388888889	-0,0204317901235	6,40225903186E-006
19,8	2,31561349676	0,007546	-0,00104805555556	-0,00439336419753	6,25998660893E-006
19,85	2,25834948447	0,007546	-0,000381111111111	0,00476388888889	6,25998660893E-006
19,9	2,31561349676	0,007546	-9,52777777778E-005	0,00571666666667	6,25998660893E-006
19,95	2,31561349676	0,007546	9,52777777778E-005	0,00624598765432	6,25998660893E-006
20	2,31561349676	0,007546	0,000381111111111	0,00762222222222	6,25998660893E-006
20,05	2,31561349676	0,007546	0,00123861111111	0,00127037037037	6,25998660893E-006
20,1	2,31561349676	0,0077175	0,00104805555556	-0,0140799382716	6,40225903186E-006
20,15	2,25834948447	0,0077175	-0,000381111111111	-0,0236606481482	6,40225903186E-006
20,2	2,25834948447	0,0077175	-0,00238194444444	-0,0127037037037	6,40225903186E-006
20,25	2,31561349676	0,0073745	-0,00238194444444	0,0117509259259	6,117714186E-006
20,3	2,31561349676	0,0073745	-0,000476388888889	0,0239782407407	6,117714186E-006
20,35	2,31561349676	0,0073745	0,000952777777778	0,0182615740741	6,117714186E-006
20,4	2,31561349676	0,007546	0,00104805555556	0,0132859567901	6,25998660893E-006
20,45	2,31561349676	0,0073745	0,00247722222222	0,00396990740741	6,117714186E-006
20,5	2,25834948447	0,007889	0,00219138888889	-0,0161972222222	6,54453145479E-006
20,55	2,31561349676	0,0077175	-0,000190555555555	-0,0181027777778	6,40225903186E-006
20,6	2,31561349676	0,0077175	-0,000190555555556	-0,00931604938272	6,40225903186E-006
20,65	2,31561349676	0,0077175	-0,000476388888889	-0,00905138888889	6,40225903186E-006
20,7	2,31561349676	0,0077175	-0,00123861111111	-0,00688117283951	6,40225903186E-006
20,75	2,31561349676	0,007546	-0,00142916666667	-0,00031759259259	6,25998660893E-006
20,8	2,31561349676	0,007546	-0,000952777777778	0,00317592592593	6,25998660893E-006
20,85	2,25834948447	0,007546	-0,001715	0,0156149691358	6,25998660893E-006
20,9	2,31561349676	0,007203	0,000381111111111	0,0286891975309	5,97544176307E-006
20,95	2,31561349676	0,007546	0,00295361111111	0,00973950617284	6,25998660893E-006
21	2,31561349676	0,0077175	0,001715	-0,0160913580247	6,40225903186E-006
21,05	2,31561349676	0,0077175	0,000190555555556	-0,0215962962963	6,40225903186E-006
21,1	2,31561349676	0,0077175	-0,00114333333333	-0,0115921296296	6,40225903186E-006
21,15	2,31561349676	0,007546	-0,00123861111111	0,00598132716049	6,25998660893E-006
21,2	2,31561349676	0,007546	-0,000190555555556	0,0168324074074	6,25998660893E-006
21,25	2,31561349676	0,007546	0,000666944444444	0,0206435185185	6,25998660893E-006
21,3	2,31561349676	0,007546	0,00247722222222	0,0118038580247	6,25998660893E-006
21,35	2,31561349676	0,007889	0,00247722222222	-0,00746342592593	6,54453145479E-006
21,4	2,31561349676	0,007889	0,0008575	-0,0113804012346	6,54453145479E-006
21,45	2,31561349676	0,007889	0,000571666666667	-0,00206435185185	6,54453145479E-006
21,5	2,25834948447	0,007889	0,00123861111111	-0,00227608024691	6,54453145479E-006
21,55	2,31561349676	0,0080605	0,00104805555556	-0,0141328703704	6,68680387772E-006
21,6	2,31561349676	0,0080605	-0,000381111111111	-0,0204317901235	6,68680387772E-006
21,65	2,31561349676	0,0080605	-0,00219138888889	-0,00465802469136	6,68680387772E-006
21,7	2,31561349676	0,0077175	-0,001715	0,0252486111111	6,40225903186E-006
21,75	2,31561349676	0,0077175	0,00181027777778	0,0281069444444	6,40225903186E-006
21,8	2,31561349676	0,0080605	0,0025725	0,00285833333333	6,68680387772E-006
21,85	2,31561349676	0,0080605	0,00161972222222	-0,0163030864198	6,68680387772E-006
21,9	2,31561349676	0,008232	0,000190555555556	-0,0215962962963	6,82907630065E-006
21,95	2,31561349676	0,0080605	-0,00104805555556	-0,0145033950617	6,68680387772E-006
22	2,25834948447	0,0080605	-0,00104805555556	-0,00624598765432	6,68680387772E-006
22,05	2,31561349676	0,0080605	-0,00219138888889	0,011274537037	6,68680387772E-006
22,1	2,25834948447	0,0077175	-0,000952777777778	0,0403342592593	6,40225903186E-006
22,15	2,25834948447	0,0077175	0,00409694444444	0,0263601851852	6,40225903186E-006
22,2	2,25834948447	0,0084035	0,00419222222222	-0,0314416666667	6,97134872358E-006
22,25	2,20108547219	0,0084035	-0,000762222222222	-0,0574313271605	6,97134872358E-006
22,3	2,31561349676	0,008232	-0,00419222222222	-0,0311770061728	6,82907630065E-006
22,35	2,31561349676	0,007889	-0,00533555555556	0,0236606481481	6,54453145479E-006
22,4	2,36929850827	0,0073745	-0,000571666666667	0,0549435185185	6,117714186E-006
22,45	2,36929850827	0,007889	0,00343	0,0263601851852	6,54453145479E-006
22,5	2,25834948447	0,0080605	0,00161972222222	-0,000317592592591	6,68680387772E-006
22,55	2,20108547219	0,007889	0,00181027777778	-0,000211728395061	6,54453145479E-006
22,6	2,25834948447	0,008232	0,00209611111111	-0,00259367283951	6,82907630065E-006
22,65	2,20108547219	0,008232	0,000666944444444	0,0104805555556	6,82907630065E-006
22,7	2,20108547219	0,0080605	0,00304888888889	0,0228137345679	6,68680387772E-006
22,75	1,97202942305	0,008575	0,00476388888889	0,00460509259259	7,11362114651E-006
22,8	1,91476541077	0,0087465	0,00304888888889	-0,00741049382716	7,25589356944E-006
22,85	1,85750139848	0,0087465	0,00314416666667	-0,00386404320988	7,25589356944E-006
22,9	1,74297337391	0,0090895	0,00295361111111	-0,0027524691358	7,5404384153E-006
22,95	1,63202435011	0,0090895	0,00219138888889	0,00746342592593	7,5404384153E-006
23	1,6892883624	0,0090895	0,00466861111111	0,000793981481481	7,5404384153E-006
23,05	1,46023231326	0,0097755	0,00352527777778	-0,024137037037	8,10952810702E-006
23,1	1,46023231326	0,009604	-9,52777777777E-005	-0,00947484567901	7,96725568409E-006
23,15	1,46023231326	0,0094325	0,001715	0,0196907407407	7,82498326116E-006
23,2	1,40296830097	0,0097755	0,00381111111111	0,0151915123457	8,10952810702E-006
23,25	1,2884402764	0,009947	0,00400166666667	-0,0126507716049	8,25180052995E-006
23,3	1,17391225183	0,0101185	0,00352527777778	-0,0606601851852	8,39407295288E-006
23,35	1,12022724032	0,0104615	-0,000571666666667	-0,117826851852	8,67861779874E-006
23,4	1,00569921575	0,010633	-0,0134341666667	-0,0685470679012	8,82089022167E-006
23,45	0,833907178894	0,008575	-0,0145775	0,0973950617284	7,11362114651E-006
23,5	0,833907178894	0,008232	9,52777777777E-005	0,181292438272	6,82907630065E-006
23,55	0,66211514204	0,0084035	0,0169594444444	0,0337177469136	6,97134872358E-006
23,6	0,493902105954	0,011662	0,00447805555556	-0,129313117284	9,67452475925E-006
23,65	0,493902105954	0,0090895	-0,0118144444444	-0,0296419753086	7,5404384153E-006
23,7	0,493902105954	0,0087465	-0,000476388888889	0,107028703704	7,25589356944E-006
23,75	0,493902105954	0,008918	0,0133388888889	0,0130742283951	7,39816599237E-006
23,8	0,493902105954	0,011662	0,00219138888889	-0,112110185185	9,67452475925E-006
23,85	0,493902105954	0,0090895	-0,00990888888889	-0,0425044753086	7,5404384153E-006
23,9	0,493902105954	0,0094325	-0,001715	0,0361526234568	7,82498326116E-006
23,95	0,493902105954	0,0094325	-0,000666944444444	0,0297478395062	7,82498326116E-006
24	0,493902105954	0,0094325	0,000190555555556	0,0359408950617	7,82498326116E-006
24,05	0,493902105954	0,0094325	0,00123861111111	0,0660063271605	7,82498326116E-006
24,1	0,493902105954	0,0094325	0,005145	0,116874074074	7,82498326116E-006
24,15	0,493902105954	0,0094325	0,0170547222222	0,0877614197531	7,82498326116E-006
24,2	0,493902105954	0,011662	0,0193413888889	-0,0373700617284	9,67452475925E-006
24,25	0,493902105954	0,012005	0,00990888888889	-0,105705401235	9,95906960511E-006
24,3	0,493902105954	0,012348	0,00438277777778	-0,090937345679	1,0243614451E-005
24,35	0,493902105954	0,012348	0,000571666666667	-0,0582782407407	1,0243614451E-005
24,4	0,493902105954	0,012348	-0,00104805555556	-0,0321297839506	1,0243614451E-005
24,45	0,493902105954	0,0121765	-0,00142916666667	-0,0386933641975	1,0101342028E-005
24,5	0,493902105954	0,0121765	-0,00266777777778	-0,0851677469136	1,0101342028E-005
24,55	0,493902105954	0,0121765	-0,00876555555556	-0,137570524691	1,0101342028E-005
24,6	0,493902105954	0,0118335	-0,0226761111111	-0,0732580246914	9,81679718218E-006
24,65	0,493902105954	0,0090895	-0,0218186111111	0,0904080246914	7,5404384153E-006
24,7	0,493902105954	0,008918	-0,00743166666667	0,146674845679	7,39816599237E-006
24,75	0,493902105954	0,008918	-0,00152444444444	0,0937427469136	7,39816599237E-006
24,8	0,493902105954	0,008918	0,00114333333333	0,0371054012346	7,39816599237E-006
24,85	0,493902105954	0,0090895	0,00114333333333	-0,00227608024691	7,5404384153E-006
24,9	0,493902105954	0,0090895	0	-0,0176793209877	7,5404384153E-006
24,95	0,493902105954	0,0090895	-0,00133388888889	-0,0155091049383	7,5404384153E-006
25	0,493902105954	0,008918	-0,00181027777778	-0,0055049382716	7,39816599237E-006
25,05	0,493902105954	0,008918	-0,00219138888889	0,00894552469136	7,39816599237E-006
25,1	0,493902105954	0,008575	-0,000476388888889	0,0140799382716	7,11362114651E-006
25,15	0,493902105954	0,008918	0,000381111111111	-0,00132330246914	7,39816599237E-006
25,2	0,493902105954	0,0087465	-0,00104805555556	-0,00947484567901	7,25589356944E-006
25,25	0,493902105954	0,0087465	-0,00142916666667	-0,00238194444444	7,25589356944E-006
25,3	0,493902105954	0,008575	-0,00133388888889	0,00746342592593	7,11362114651E-006
25,35	0,493902105954	0,008575	-0,000381111111111	0,0134976851852	7,11362114651E-006
25,4	0,493902105954	0,008575	9,52777777778E-005	0,0178381172839	7,11362114651E-006
25,45	0,493902105954	0,008575	0,000952777777778	0,0271012345679	7,11362114651E-006
25,5	0,493902105954	0,008575	0,00323944444444	0,0256191358025	7,11362114651E-006
25,55	0,493902105954	0,008918	0,00495444444444	-0,00185262345679	7,39816599237E-006
25,6	0,493902105954	0,009261	0,00314416666667	-0,0311770061728	7,68271083823E-006
25,65	0,493902105954	0,009261	0,000571666666667	-0,0380052469136	7,68271083823E-006
25,7	0,493902105954	0,009261	-0,00123861111111	-0,0324473765432	7,68271083823E-006
25,75	0,493902105954	0,0090895	-0,00228666666667	-0,0294831790123	7,5404384153E-006
25,8	0,493902105954	0,0090895	-0,00400166666667	-0,0265189814815	7,5404384153E-006
25,85	0,493902105954	0,0087465	-0,00628833333333	-0,000635185185185	7,25589356944E-006
25,9	0,493902105954	0,008232	-0,00447805555556	0,0303830246914	6,82907630065E-006
25,95	0,493902105954	0,008232	-0,00142916666667	0,0285833333333	6,82907630065E-006
26	0,493902105954	0,008232	-0,000666944444444	0,00751635802469	6,82907630065E-006
26,05	0,493902105954	0,008232	-0,00133388888889	-0,00486975308642	6,82907630065E-006
26,1	0,493902105954	0,0080605	-0,001715	-0,0055049382716	6,68680387772E-006
26,15	0,493902105954	0,0080605	-0,00190555555556	-0,00338765432099	6,68680387772E-006
26,2	0,493902105954	0,007889	-0,00238194444444	0,00391697530864	6,54453145479E-006
26,25	0,493902105954	0,0077175	-0,00104805555556	0,00190555555555	6,40225903186E-006
26,3	0,493902105954	0,007889	-0,00161972222222	-0,0113804012346	6,54453145479E-006
26,35	0,493902105954	0,007546	-0,00228666666667	-0,0221785493827	6,25998660893E-006
26,4	0,493902105954	0,0077175	-0,00400166666667	-0,0268895061728	6,40225903186E-006
26,45	0,493902105954	0,007203	-0,00638361111111	-0,0058225308642	5,97544176307E-006
26,5	0,493902105954	0,00686	-0,00485916666667	0,0188438271605	5,69089691721E-006
26,55	0,43663809367	0,0066885	-0,00285833333333	0,0156149691358	5,54862449428E-006
26,6	0,493902105954	0,0066885	-0,00266777777778	0,00354645061728	5,54862449428E-006
26,65	0,493902105954	0,006517	-0,00409694444444	0,0233430555556	5,40635207135E-006
26,7	0,493902105954	0,006174	-0,00247722222222	0,076275154321	5,12180722549E-006
26,75	0,493902105954	0,0060025	0,00400166666667	0,100782716049	4,97953480256E-006
26,8	0,493902105954	0,006174	0,0148633333333	-0,0070399691358	5,12180722549E-006
26,85	0,43663809367	0,0084035	0,00895611111111	-0,196431018519	6,97134872358E-006
26,9	0,493902105954	0,008232	-0,0164830555556	-0,168218209877	6,82907630065E-006
26,95	0,43663809367	0,005488	-0,0193413888889	0,0674354938272	4,55271753377E-006
27	0,43663809367	0,0053165	-0,00390638888889	0,204053240741	4,41044511084E-006
27,05	0,493902105954	0,005145	0,0121955555556	0,133706481481	4,26817268791E-006
27,1	0,493902105954	0,0073745	0,0133388888889	-0,0258308641975	6,117714186E-006
27,15	0,43663809367	0,0070315	0,00295361111111	-0,0774396604938	5,83316934014E-006
27,2	0,493902105954	0,0070315	0,00209611111111	-0,0551552469136	5,83316934014E-006
27,25	0,43663809367	0,0073745	-0,000666944444444	-0,049650308642	6,117714186E-006
27,3	0,43663809367	0,0070315	-0,00352527777778	-0,0322885802469	5,83316934014E-006
27,35	0,43663809367	0,00686	-0,00390638888889	-0,0181557098765	5,69089691721E-006
27,4	0,493902105954	0,0066885	-0,00485916666667	-0,011274537037	5,54862449428E-006
27,45	0,43663809367	0,0063455	-0,005145	-0,00206435185185	5,26407964842E-006
27,5	0,43663809367	0,006174	-0,005145	0,00825740740741	5,12180722549E-006
27,55	0,43663809367	0,005831	-0,00495444444444	0,0272070987654	4,83726237963E-006
27,6	0,43663809367	0,005488	-0,00152444444444	0,028212808642	4,55271753377E-006
27,65	0,43663809367	0,005831	-0,000762222222222	0,00248780864197	4,83726237963E-006
27,7	0,493902105954	0,005488	-0,00161972222222	-0,0212257716049	4,55271753377E-006
27,75	0,43663809367	0,0056595	-0,00266777777778	-0,052349845679	4,6949899567E-006
27,8	0,493902105954	0,0053165	-0,00666944444444	-0,079874537037	4,41044511084E-006
27,85	0,43663809367	0,0049735	-0,0105758333333	-0,0850089506173	4,12590026498E-006
27,9	0,43663809367	0,004802	-0,0208658333333	0,0165677469136	3,98362784205E-006
27,95	0,43663809367	0,002058	-0,0156255555556	0,215751234568	1,70726907516E-006
28	0,43663809367	0,0018865	0,012005	0,208870061728	1,56499665223E-006
28,05	0,43663809367	0,0046305	0,0165783333333	-0,00179969135803	3,84135541912E-006
28,1	0,43663809367	0,004459	0,00438277777778	-0,0993535493827	3,69908299619E-006
28,15	0,43663809367	0,004459	-0,000190555555556	-0,0704526234568	3,69908299619E-006
28,2	0,43663809367	0,0042875	-0,00181027777778	-0,0328179012346	3,55681057325E-006
28,25	0,43663809367	0,0042875	-0,00209611111111	-0,014662191358	3,55681057325E-006
28,3	0,43663809367	0,004116	-0,00304888888889	-0,00529320987654	3,41453815032E-006
28,35	0,43663809367	0,0039445	-0,00304888888889	0,00894552469136	3,27226572739E-006
28,4	0,493902105954	0,003773	-0,00228666666667	0,022125617284	3,12999330446E-006
28,45	0,43663809367	0,0036015	0,000285833333333	0,0141328703704	2,98772088153E-006
28,5	0,493902105954	0,0039445	0,000285833333333	-0,0141328703704	3,27226572739E-006
28,55	0,43663809367	0,003773	-0,00228666666667	-0,0221785493827	3,12999330446E-006
28,6	0,43663809367	0,0036015	-0,00304888888889	-0,00915725308642	2,98772088153E-006
28,65	0,43663809367	0,00343	-0,00304888888889	0,00370524691358	2,8454484586E-006
28,7	0,43663809367	0,0032585	-0,00219138888889	0,00910432098765	2,70317603567E-006
28,75	0,43663809367	0,0032585	-0,00190555555556	0,00905138888889	2,70317603567E-006
28,8	0,43663809367	0,003087	-0,00190555555556	0,0163560185185	2,56090361274E-006
28,85	0,43663809367	0,0029155	0,000381111111111	0,0115921296296	2,41863118981E-006
28,9	0,43663809367	0,0032585	0,000381111111111	-0,0115921296296	2,70317603567E-006
28,95	0,493902105954	0,003087	-0,00190555555556	-0,0163030864198	2,56090361274E-006
29	0,493902105954	0,0029155	-0,00190555555556	-0,0087337962963	2,41863118981E-006
29,05	0,43663809367	0,0029155	-0,00219138888889	-0,00762222222222	2,41863118981E-006
29,1	0,493902105954	0,002744	-0,00295361111111	-0,000476388888887	2,27635876688E-006
29,15	0,43663809367	0,0025725	-0,00276305555556	0,0142916666667	2,13408634395E-006
29,2	0,493902105954	0,002401	-0,00133388888889	0,0237135802469	1,99181392102E-006
29,25	0,43663809367	0,002401	0,000666944444444	0,0128095679012	1,99181392102E-006
29,3	0,43663809367	0,0025725	0,000666944444444	-0,011062808642	2,13408634395E-006
29,35	0,43663809367	0,0025725	-0,00123861111111	-0,020749382716	2,13408634395E-006
29,4	0,43663809367	0,002401	-0,00247722222222	-0,0107452160494	1,99181392102E-006
29,45	0,493902105954	0,0022295	-0,00209611111111	-0,00185262345679	1,84954149809E-006
29,5	0,493902105954	0,0022295	-0,00209611111111	-0,00164089506173	1,84954149809E-006
29,55	0,379374081385	0,002058	-0,00266777777778	0,00497561728395	1,70726907516E-006
29,6	0,493902105954	0,0018865	-0,00181027777778	0,014450462963	1,56499665223E-006
29,65	0,43663809367	0,0018865	-0,00104805555556	0,0192143518519	1,56499665223E-006
29,7	0,379374081385	0,001715	0,000762222222222	0,0111157407407	1,4227242293E-006
29,75	0,43663809367	0,002058	0,000762222222222	-0,00931604938272	1,70726907516E-006
29,8	0,43663809367	0,0018865	-0,000952777777778	-0,0159325617284	1,56499665223E-006
29,85	0,43663809367	0,0018865	-0,00152444444444	-0,00921018518519	1,56499665223E-006
29,9	0,43663809367	0,001715	-0,001715	-0,00285833333333	1,4227242293E-006
29,95	0,43663809367	0,001715	-0,001715	0,00285833333333	1,4227242293E-006
30	0,43663809367	0,0015435	-0,00152444444444	0,00921018518518	1,28045180637E-006
30,05	0,43663809367	0,0015435	-0,000952777777778	0,0159854938272	1,28045180637E-006
30,1	0,43663809367	0,001372	0,000762222222222	0,00963364197531	1,13817938344E-006
30,15	0,43663809367	0,001715	0,000762222222222	-0,00968657407407	1,4227242293E-006
30,2	0,493902105954	0,0015435	-0,000952777777778	-0,0163030864198	1,28045180637E-006
30,25	0,43663809367	0,0015435	-0,00152444444444	-0,0106393518519	1,28045180637E-006
30,3	0,43663809367	0,001372	-0,00181027777778	-0,00571666666667	1,13817938344E-006
30,35	0,43663809367	0,001372	-0,00200083333333	-0,000476388888888	1,13817938344E-006
30,4	0,43663809367	0,0012005	-0,00238194444444	0,0123861111111	9,95906960511E-007
30,45	0,43663809367	0,001029	-0,000952777777778	0,0256720679012	8,53634537581E-007
30,5	0,43663809367	0,001029	0,00161972222222	0,0132330246914	8,53634537581E-007
30,55	0,43663809367	0,001372	0,00104805555556	-0,0108510802469	1,13817938344E-006
30,6	0,493902105954	0,0012005	-0,000762222222222	-0,0127037037037	9,95906960511E-007
30,65	0,43663809367	0,0012005	-0,00104805555556	0,000370524691358	9,95906960511E-007
30,7	0,43663809367	0,001029	-0,000190555555556	0,00545200617284	8,53634537581E-007
30,75	0,43663809367	0,0012005	0,000476388888889	-0,00666944444444	9,95906960511E-007
30,8	0,43663809367	0,0012005	-0,00114333333333	-0,0139740740741	9,95906960511E-007
30,85	0,43663809367	0,001029	-0,001715	-0,00651064814815	8,53634537581E-007
30,9	0,43663809367	0,001029	-0,00219138888889	0,00788688271605	8,53634537581E-007
30,95	0,43663809367	0,000686	-0,000476388888889	0,013762345679	5,69089691721E-007
31	0,493902105954	0,001029	0,000381111111111	-0,00174675925926	8,53634537581E-007
31,05	0,43663809367	0,0008575	-0,00104805555556	-0,0113274691358	7,11362114651E-007
31,1	0,43663809367	0,0008575	-0,00152444444444	-0,00741049382716	7,11362114651E-007
31,15	0,43663809367	0,000686	-0,001715	-0,00243487654321	5,69089691721E-007
31,2	0,43663809367	0,000686	-0,001715	0,00322885802469	5,69089691721E-007
31,25	0,43663809367	0,0005145	-0,00152444444444	0,0106922839506	4,26817268791E-007
31,3	0,493902105954	0,0005145	-0,0008575	0,0191614197531	4,26817268791E-007
31,35	0,43663809367	0,000343	0,00104805555556	0,014450462963	2,8454484586E-007
31,4	0,493902105954	0,000686	0,001715	-0,00963364197531	5,69089691721E-007
31,45	0,43663809367	0,000686	-0,000666944444445	-0,0208023148148	5,69089691721E-007
31,5	0,43663809367	0,0005145	-0,00142916666667	-0,0124390432099	4,26817268791E-007
31,55	0,493902105954	0,0005145	-0,001715	-0,00460509259259	4,26817268791E-007
31,6	0,43663809367	0,000343	-0,001715	0,00148209876543	2,8454484586E-007
31,65	0,493902105954	0,000343	-0,00161972222222	0,00809861111111	2,8454484586E-007
31,7	0,43663809367	0,0001715	-0,00114333333333	0,0173087962963	1,4227242293E-007
31,75	0,43663809367	0,0001715	0,000285833333333	0,0208023148148	1,4227242293E-007
31,8	0,43663809367	0,0001715	0,00200083333333	0,00481682098765	1,4227242293E-007
31,85	0,43663809367	0,0005145	0,00114333333333	-0,0176263888889	4,26817268791E-007
31,9	0,43663809367	0,000343	-0,0008575	-0,0206435185185	2,8454484586E-007
31,95	0,43663809367	0,000343	-0,00152444444444	-0,0110098765432	2,8454484586E-007
32	0,493902105954	0,0001715	-0,001715	-0,00317592592593	1,4227242293E-007
32,05	0,43663809367	0,0001715	-0,001715	0,00317592592592	1,4227242293E-007
32,1	0,493902105954	0	-0,00152444444444	0,0110098765432	0
32,15	0,43663809367	0	-0,0008575	0,0206435185185	0
32,2	0,43663809367	-0,0001715	0,00114333333333	0,0176263888889	-1,4227242293E-007
32,25	0,43663809367	0,0001715	0,00200083333333	-0,00481682098766	1,4227242293E-007
32,3	0,43663809367	0,0001715	0,000285833333333	-0,0207493827161	1,4227242293E-007
32,35	0,43663809367	0,0001715	-0,00114333333333	-0,0168324074074	1,4227242293E-007
32,4	0,43663809367	0	-0,00161972222222	-0,00571666666666	0
32,45	0,493902105954	0	-0,00161972222222	0,00571666666667	0
32,5	0,43663809367	-0,0001715	-0,00114333333333	0,0168324074074	-1,4227242293E-007
32,55	0,43663809367	-0,0001715	0,000285833333333	0,020749382716	-1,4227242293E-007
32,6	0,43663809367	-0,0001715	0,00200083333333	0,00486975308642	-1,4227242293E-007
32,65	0,43663809367	0,0001715	0,00114333333333	-0,0173087962963	1,4227242293E-007
32,7	0,43663809367	0	-0,0008575	-0,0191614197531	0
32,75	0,493902105954	0	-0,00142916666667	-0,00793981481481	0
32,8	0,43663809367	-0,0001715	-0,00142916666667	0,000952777777778	-1,4227242293E-007
32,85	0,43663809367	-0,0001715	-0,000762222222222	-1,00312794337E-015	-1,4227242293E-007
32,9	0,43663809367	-0,0001715	-0,00142916666667	-0,000952777777779	-1,4227242293E-007
32,95	0,43663809367	-0,000343	-0,00142916666667	0,00793981481481	-2,8454484586E-007
33	0,493902105954	-0,000343	-0,0008575	0,0191614197531	-2,8454484586E-007
33,05	0,43663809367	-0,0005145	0,00114333333333	0,0173087962963	-4,26817268791E-007
33,1	0,43663809367	-0,0001715	0,00200083333333	-0,00486975308642	-1,4227242293E-007
33,15	0,493902105954	-0,0001715	0,000285833333333	-0,0207493827161	-1,4227242293E-007
33,2	0,493902105954	-0,0001715	-0,00114333333333	-0,0168324074074	-1,4227242293E-007
33,25	0,493902105954	-0,000343	-0,00161972222222	-0,00571666666667	-2,8454484586E-007
33,3	0,43663809367	-0,000343	-0,00161972222222	0,00571666666667	-2,8454484586E-007
33,35	0,43663809367	-0,0005145	-0,00114333333333	0,0168853395062	-4,26817268791E-007
33,4	0,43663809367	-0,0005145	0,000285833333333	0,0210669753086	-4,26817268791E-007
33,45	0,43663809367	-0,0005145	0,00200083333333	0,00629891975309	-4,26817268791E-007
33,5	0,43663809367	-0,0001715	0,00123861111111	-0,014450462963	-1,4227242293E-007
33,55	0,493902105954	-0,000343	-0,000571666666667	-0,0158266975309	-2,8454484586E-007
33,6	0,43663809367	-0,000343	-0,000571666666667	-0,0109569444444	-2,8454484586E-007
33,65	0,493902105954	-0,000343	-0,00142916666667	-0,00767515432099	-2,8454484586E-007
33,7	0,43663809367	-0,0005145	-0,00161972222222	0,00148209876543	-4,26817268791E-007
33,75	0,43663809367	-0,0005145	-0,00142916666667	0,0127037037037	-4,26817268791E-007
33,8	0,43663809367	-0,000686	-0,000571666666667	0,0251427469136	-5,69089691721E-007
33,85	0,493902105954	-0,000686	0,00209611111111	0,0175734567901	-5,69089691721E-007
33,9	0,493902105954	-0,000343	0,00228666666667	-0,00965481481482	-2,8454484586E-007
33,95	0,493902105954	-0,000343	0,000381111111111	-0,0241476234568	-2,8454484586E-007
34	0,43663809367	-0,000343	-0,00114333333333	-0,0198283641975	-2,8454484586E-007
34,05	0,43663809367	-0,0005145	-0,00165783333333	-0,0121955555556	-4,26817268791E-007
34,1	0,43663809367	-0,0005145	-0,00190555555556	-0,010978117284	-4,26817268791E-007
34,15	0,493902105954	-0,000686	-0,00266777777778	-0,0126825308642	-5,69089691721E-007